000006  000024
000007  000026
000010  000000
000011  000000
000012  077777
000013  000000
000014  000000
000015  000000
000016  000000
000017  000000
000020  000012
000021  177777
000022  000060
000023  000071
000024  000055
000025  000012
000026  000000
000027  000000
000030  000000
000031  000000
000032  000000
000033  000000
000034  000000
000035  000000
000036  000000
000037  000000
000040  000000
000041  000000
000042  000000
000043  000000
000044  000000
000045  000000
000046  000000
000047  000000
000050  000000
000051  000000
000052  000000
000053  000000
000054  000000
000055  000000
000056  000000
000057  000000
000050  003006
000051  102107
000052  031553
000053  004100
000054  007500
000055  015401
000056  005407
000057  102107
000060  035000
000061  003006
000062  007426
000063  005407
000064  102107
000065  002100
000066  031622
000067  007500
000070  015401
000071  005407
000072  102107
000073  035000
000074  031553
000075  004010
000076  002006
000077  004013
000100  007026
000101  005007
000102  102107
000103  002500
000104  002010
000105  012100
000106  031540
000107  004016
000110  003016
000111  013012
000112  037121
000113  002016
000114  004012
000115  002100
000116  004011
000117  007100
000120  015001
000121  005007
000122  102107
000123  002013
000124  016001
000125  004013
000126  036104
000127  002010
000130  031622
000131  002011
000132  031622
000133  000000
000134  142400
000135  032000
000136  036144
000137  002421
000140  160100
000141  032000
000142  002420
000143  160100
000144  032000
000145  002425
000146  144400
000147  032000
000150  005413
000151  006000
000152  004016
000153  006000
000154  014001
000155  004014
000156  031536
000157  004415
000160  003015
000161  013025
000162  021215
000163  003015
000164  013024
000165  021212
000166  003015
000167  013022
000170  037175
000171  076400
000172  003015
000173  013023
000174  037161
000175  002015
000176  012022
000177  004017
000200  002016
000201  031545
000202  004016
000203  002016
000204  010017
000205  004016
000206  076400
000207  002021
000210  004014
000211  076400
000212  002016
000213  002414
000214  160100
000215  003413
000216  032000
000217  005413
000220  036231
000221  002424
000222  144400
000223  002421
000224  160100
000225  022236
000226  002422
000227  144400
000230  166400
000231  006400
000232  004413
000233  002420
000234  162100
000235  004417
000236  002417
000237  010422
000240  003013
000241  021262
000242  017001
000243  021264
000244  017001
000245  021266
000246  017001
000247  021270
000250  017001
000251  021272
000252  136000
000253  004452
000254  136400
000255  004453
000256  136400
000257  004454
000260  136400
000261  004455
000262  136400
000263  004456
000264  136400
000265  004457
000266  002413
000267  014401
000270  004413
000271  022240
000272  002413
000273  016401
000274  004413
000275  003013
000276  021321
000277  017001
000300  021323
000301  017001
000302  021325
000303  017001
000304  021327
000305  017001
000306  021331
000307  177400
000310  002452
000311  176000
000312  002453
000313  176000
000314  002454
000315  176000
000316  002455
000317  176000
000320  002456
000321  176000
000322  002457
000323  144400
000324  002413
000325  022703
000326  166400
000327  002425
000330  144400
000331  003413
000332  032000
