000006  000000
000007  000001
000010  000040
000011  000012
000012  000060
000013  000310
000014  000106
000015  000764
000016  000050
000017  001046
000020  001072
000021  001104
000050  000000
000051  000000
000052  000000
000053  000000
000054  000000
000055  000000
000056  000000
000057  000000
000060  000000
000061  000000
000062  000000
000063  000000
000064  000000
000065  000000
000066  000000
000067  000000
000070  000000
000071  000000
000072  000000
000073  000000
000106  000000
000107  000000
000110  000000
000111  000000
000112  000000
000113  000000
000114  000000
000115  000000
000116  000000
000117  000000
000120  000000
000121  000000
000122  000000
000123  000000
000124  000000
000125  000000
000126  000000
000127  000000
000130  000000
000131  000000
000132  000000
000144  102214
000145  102315
000146  002006
000147  004200
000150  002200
000151  016006
000152  036302
000153  002200
000154  020303
000155  016001
000156  020304
000157  016001
000160  020305
000161  016001
000162  020306
000163  016001
000164  020307
000165  027400
000166  037000
000167  004202
000170  027501
000171  037100
000172  004202
000173  027501
000174  037200
000175  004202
000176  027501
000177  037300
000200  004202
000201  027501
000202  037400
000203  004202
000204  027501
000205  037500
000206  004202
000207  002202
000210  004212
000211  031401
000212  002011
000213  144001
000214  002200
000215  014001
000216  004200
000217  027401
000220  002017
000221  004212
000222  031401
000223  031401
000224  002006
000225  004200
000226  002200
000227  016006
000230  036353
000231  002200
000232  020343
000233  016001
000234  020344
000235  016001
000236  020345
000237  016001
000240  020346
000241  016001
000242  020347
000243  027401
000244  002006
000245  004201
000246  002202
000247  004203
000250  002243
000251  020354
000252  012010
000253  022355
000254  002203
000255  014001
000256  004203
000257  027601
000260  002243
000261  020354
000262  031401
000263  020357
000264  031401
000265  002201
000266  014001
000267  004201
000270  027401
000271  002200
000272  014001
000273  004200
000274  027501
000275  002021
000276  004212
000277  031401
000300  000000
000301  002020
000302  004212
000303  031401
000304  002016
000305  004212
000306  031401
000307  002011
000310  144001
000311  002200
000312  014001
000313  004210
000314  031401
000315  002011
000316  144001
000317  002201
000320  014001
000321  004210
000322  031401
000323  002011
000324  144001
000325  000000
000326  002006
000327  002416
000330  004100
000331  142000
000332  004204
000333  012010
000334  020352
000335  002204
000336  012011
000337  020352
000340  027501
000341  002416
000342  142000
000343  004204
000344  012010
000345  020362
000346  002204
000347  012011
000350  020362
000351  002204
000352  004100
000353  002100
000354  014001
000355  004100
000356  027701
000357  002006
000360  004100
000361  032000
000362  002416
000363  003203
000364  002100
000365  003643
000366  012300
000367  022364
000370  020366
000371  002100
000372  016001
000373  006100
000374  002203
000375  016001
000376  006203
000377  027501
000400  002007
000401  032000
000402  002006
000403  032000
000404  002243
000405  020367
000406  012010
000407  020367
000410  002603
000411  014401
000412  004603
000413  027501
000414  032000
000415  002210
000416  022370
000417  002012
000420  144001
000421  032000
000422  036371
000423  002013
000424  144001
000425  002210
000426  172000
000427  014001
000430  004210
000431  002006
000432  004211
000433  002025
000434  004212
000435  002210
000436  003010
000437  162200
000440  004210
000441  004605
000442  002012
000443  010205
000444  004252
000445  002212
000446  014001
000447  004212
000450  002211
000451  014001
000452  004211
000453  002210
000454  022372
000455  002212
000456  016001
000457  004212
000460  002252
000461  144001
000462  002211
000463  016001
000464  004211
000465  022373
000466  032000
000467  002212
000470  004203
000471  002243
000472  020374
000473  144001
000474  002203
000475  014001
000476  004203
000477  027501
000500  032000
000310  000124
000311  000124
000312  000124
000313  000124
000314  000124
000315  000124
001046  000105
001047  000106
001050  000116
000764  000150
000765  000234
000766  000223
000767  000167
000770  000172
000771  000175
000772  000200
000773  000203
000774  000206
000775  000210
000776  000353
000777  000316
001000  000311
001001  000262
001002  000272
001003  000261
001004  000311
001005  000367
001006  000406
001007  000371
001010  000411
001011  000433
001012  000431
001013  000443
001014  000444
001015  000451
001016  000516
001017  000504
001020  000527
001021  000520
001022  000322
001023  000144
